T2HK flux file produced from /disk2/usr5/kachulis/T2HK_Ntuples/anumode/*.root on Sun Feb 22 04:25:51 2015
E(GeV)  nu_e   nu_e_bar   nu_mu   nu_mu_bar   nu_tau   nu_tau_bar (GeV 1.0e20 POT m^2)^-1
0.005   0   0   0   0   0   0
0.015   250187   768693   1.61443e+08   9.2486e+07   0   0
0.025   681427   2.73521e+06   4.20198e+08   2.22649e+08   0   0
0.035   1.11611e+06   4.98446e+06   6.31049e+08   3.68844e+08   0   0
0.045   1.55425e+06   7.51645e+06   7.93998e+08   5.31071e+08   0   0
0.055   1.99582e+06   1.03312e+07   9.09042e+08   7.0933e+08   0   0
0.065   2.44085e+06   1.34286e+07   9.76184e+08   9.03621e+08   0   0
0.075   2.88932e+06   1.68088e+07   9.95422e+08   1.11394e+09   0   0
0.085   3.34124e+06   2.04718e+07   9.66757e+08   1.3403e+09   0   0
0.095   3.79661e+06   2.44174e+07   8.90189e+08   1.58269e+09   0   0
0.105   4.25435e+06   2.85829e+07   7.74973e+08   1.83823e+09   0   0
0.115   4.7081e+06   3.25902e+07   6.76645e+08   2.08969e+09   0   0
0.125   5.15678e+06   3.63763e+07   6.0446e+08   2.33419e+09   0   0
0.135   5.60039e+06   3.99414e+07   5.58418e+08   2.57173e+09   0   0
0.145   6.03894e+06   4.32854e+07   5.38519e+08   2.8023e+09   0   0
0.155   6.47171e+06   4.6428e+07   5.41062e+08   3.02854e+09   0   0
0.165   6.89437e+06   4.94885e+07   5.4384e+08   3.26612e+09   0   0
0.175   7.3062e+06   5.24867e+07   5.43151e+08   3.51768e+09   0   0
0.185   7.70721e+06   5.54225e+07   5.38996e+08   3.7832e+09   0   0
0.195   8.0974e+06   5.8296e+07   5.31374e+08   4.0627e+09   0   0
0.205   8.47659e+06   6.11e+07   5.21077e+08   4.35588e+09   0   0
0.215   8.84374e+06   6.37924e+07   5.12844e+08   4.66106e+09   0   0
0.225   9.1987e+06   6.6366e+07   5.07467e+08   4.97797e+09   0   0
0.235   9.54146e+06   6.88208e+07   5.04944e+08   5.30661e+09   0   0
0.245   9.87201e+06   7.11569e+07   5.05278e+08   5.64697e+09   0   0
0.255   1.01885e+07   7.33716e+07   5.08074e+08   5.99914e+09   0   0
0.265   1.04796e+07   7.54492e+07   5.10982e+08   6.36359e+09   0   0
0.275   1.07436e+07   7.73873e+07   5.1361e+08   6.7404e+09   0   0
0.285   1.09804e+07   7.91858e+07   5.15957e+08   7.12958e+09   0   0
0.295   1.119e+07   8.08446e+07   5.18024e+08   7.53112e+09   0   0
0.305   1.13749e+07   8.23746e+07   5.20003e+08   7.94464e+09   0   0
0.315   1.15507e+07   8.38402e+07   5.23059e+08   8.36776e+09   0   0
0.325   1.17199e+07   8.52521e+07   5.27384e+08   8.80011e+09   0   0
0.335   1.18826e+07   8.66104e+07   5.32978e+08   9.24167e+09   0   0
0.345   1.20386e+07   8.79151e+07   5.39842e+08   9.69245e+09   0   0
0.355   1.2185e+07   8.91478e+07   5.47703e+08   1.0151e+10   0   0
0.365   1.23042e+07   9.01986e+07   5.54934e+08   1.06089e+10   0   0
0.375   1.23932e+07   9.1049e+07   5.61261e+08   1.10646e+10   0   0
0.385   1.24519e+07   9.16991e+07   5.66686e+08   1.15181e+10   0   0
0.395   1.24803e+07   9.2149e+07   5.71208e+08   1.19694e+10   0   0
0.405   1.24839e+07   9.24252e+07   5.74865e+08   1.24186e+10   0   0
0.415   1.24952e+07   9.26886e+07   5.77882e+08   1.28656e+10   0   0
0.425   1.25195e+07   9.29658e+07   5.80296e+08   1.33104e+10   0   0
0.435   1.25569e+07   9.32568e+07   5.82108e+08   1.3753e+10   0   0
0.445   1.26073e+07   9.35617e+07   5.83317e+08   1.41934e+10   0   0
0.455   1.26655e+07   9.38677e+07   5.8394e+08   1.46373e+10   0   0
0.465   1.27002e+07   9.40985e+07   5.84076e+08   1.51189e+10   0   0
0.475   1.27059e+07   9.42415e+07   5.83741e+08   1.56439e+10   0   0
0.485   1.26828e+07   9.42966e+07   5.82935e+08   1.62123e+10   0   0
0.495   1.26308e+07   9.42638e+07   5.81658e+08   1.68242e+10   0   0
0.505   1.25567e+07   9.41346e+07   5.8025e+08   1.74763e+10   0   0
0.515   1.25006e+07   9.38569e+07   5.80747e+08   1.81489e+10   0   0
0.525   1.24692e+07   9.34223e+07   5.8349e+08   1.88389e+10   0   0
0.535   1.24625e+07   9.28307e+07   5.88478e+08   1.95462e+10   0   0
0.545   1.24805e+07   9.20821e+07   5.95711e+08   2.02708e+10   0   0
0.555   1.25161e+07   9.12038e+07   6.0455e+08   2.09962e+10   0   0
0.565   1.25265e+07   9.03597e+07   6.11155e+08   2.16235e+10   0   0
0.575   1.25046e+07   8.9577e+07   6.14885e+08   2.2136e+10   0   0
0.585   1.24504e+07   8.88558e+07   6.15742e+08   2.25339e+10   0   0
0.595   1.23638e+07   8.8196e+07   6.13725e+08   2.28172e+10   0   0
0.605   1.22514e+07   8.75825e+07   6.09406e+08   2.29766e+10   0   0
0.615   1.21515e+07   8.69243e+07   6.06223e+08   2.29576e+10   0   0
0.625   1.20704e+07   8.62062e+07   6.04749e+08   2.27509e+10   0   0
0.635   1.20082e+07   8.54283e+07   6.04983e+08   2.23567e+10   0   0
0.645   1.19649e+07   8.45906e+07   6.06926e+08   2.17749e+10   0   0
0.655   1.19359e+07   8.37036e+07   6.09939e+08   2.10234e+10   0   0
0.665   1.18941e+07   8.28314e+07   6.10197e+08   2.02103e+10   0   0
0.675   1.1835e+07   8.19846e+07   6.07062e+08   1.93535e+10   0   0
0.685   1.17585e+07   8.11631e+07   6.00535e+08   1.84531e+10   0   0
0.695   1.16646e+07   8.03671e+07   5.90615e+08   1.75089e+10   0   0
0.705   1.15581e+07   7.95754e+07   5.77906e+08   1.65324e+10   0   0
0.715   1.14669e+07   7.86624e+07   5.66034e+08   1.55914e+10   0   0
0.725   1.13957e+07   7.7607e+07   5.55604e+08   1.46971e+10   0   0
0.735   1.13445e+07   7.64094e+07   5.46616e+08   1.38495e+10   0   0
0.745   1.13133e+07   7.50694e+07   5.39069e+08   1.30487e+10   0   0
0.755   1.12971e+07   7.36099e+07   5.327e+08   1.22942e+10   0   0
0.765   1.12659e+07   7.2168e+07   5.25923e+08   1.15832e+10   0   0
0.775   1.12146e+07   7.07664e+07   5.18475e+08   1.09153e+10   0   0
0.785   1.11431e+07   6.94053e+07   5.10355e+08   1.02905e+10   0   0
0.795   1.10516e+07   6.80845e+07   5.01564e+08   9.70871e+09   0   0
0.805   1.09448e+07   6.68043e+07   4.92185e+08   9.16659e+09   0   0
0.815   1.08509e+07   6.5566e+07   4.82718e+08   8.64348e+09   0   0
0.825   1.07748e+07   6.43697e+07   4.73246e+08   8.13595e+09   0   0
0.835   1.07164e+07   6.32154e+07   4.63769e+08   7.644e+09   0   0
0.845   1.06757e+07   6.21032e+07   4.54287e+08   7.16763e+09   0   0
0.855   1.06482e+07   6.10244e+07   4.4501e+08   6.70643e+09   0   0
0.865   1.06061e+07   5.9928e+07   4.3719e+08   6.25792e+09   0   0
0.875   1.05448e+07   5.88052e+07   4.31036e+08   5.82171e+09   0   0
0.885   1.04645e+07   5.76562e+07   4.26548e+08   5.39778e+09   0   0
0.895   1.0365e+07   5.64809e+07   4.23726e+08   4.98613e+09   0   0
0.905   1.02525e+07   5.5293e+07   4.22171e+08   4.58875e+09   0   0
0.915   1.0164e+07   5.41742e+07   4.19488e+08   4.2174e+09   0   0
0.925   1.01059e+07   5.3138e+07   4.15277e+08   3.87405e+09   0   0
0.935   1.00779e+07   5.21846e+07   4.0954e+08   3.5587e+09   0   0
0.945   1.00802e+07   5.13138e+07   4.02275e+08   3.27136e+09   0   0
0.955   1.01049e+07   5.05075e+07   3.93908e+08   3.01075e+09   0   0
0.965   1.01044e+07   4.96561e+07   3.86992e+08   2.7692e+09   0   0
0.975   1.00707e+07   4.87414e+07   3.81952e+08   2.54545e+09   0   0
0.985   1.0004e+07   4.77633e+07   3.78787e+08   2.33948e+09   0   0
0.995   9.90421e+06   4.67218e+07   3.77499e+08   2.15131e+09   0   0
1.005   9.778e+06   4.5632e+07   3.7767e+08   1.98084e+09   0   0
1.015   9.66541e+06   4.45837e+07   3.76803e+08   1.82755e+09   0   0
1.025   9.57312e+06   4.35917e+07   3.74482e+08   1.69135e+09   0   0
1.035   9.50113e+06   4.2656e+07   3.70708e+08   1.57225e+09   0   0
1.045   9.44945e+06   4.17768e+07   3.65479e+08   1.47024e+09   0   0
1.055   9.41728e+06   4.09409e+07   3.58912e+08   1.38434e+09   0   0
1.065   9.39998e+06   4.00696e+07   3.51698e+08   1.3087e+09   0   0
1.075   9.39678e+06   3.91498e+07   3.43953e+08   1.24235e+09   0   0
1.085   9.40766e+06   3.81816e+07   3.35677e+08   1.18527e+09   0   0
1.095   9.43263e+06   3.71649e+07   3.26871e+08   1.13746e+09   0   0
1.105   9.46485e+06   3.61152e+07   3.17962e+08   1.09773e+09   0   0
1.115   9.46327e+06   3.51245e+07   3.11526e+08   1.05877e+09   0   0
1.125   9.42106e+06   3.42082e+07   3.07992e+08   1.01938e+09   0   0
1.135   9.3382e+06   3.33663e+07   3.0736e+08   9.79546e+08   0   0
1.145   9.2147e+06   3.25988e+07   3.0963e+08   9.39281e+08   0   0
1.155   9.05838e+06   3.1899e+07   3.14106e+08   8.99168e+08   0   0
1.165   8.91617e+06   3.12264e+07   3.16615e+08   8.62744e+08   0   0
1.175   8.79587e+06   3.05744e+07   3.16461e+08   8.30596e+08   0   0
1.185   8.6975e+06   2.99429e+07   3.13643e+08   8.02725e+08   0   0
1.195   8.62105e+06   2.9332e+07   3.08163e+08   7.7913e+08   0   0
1.205   8.56752e+06   2.87465e+07   3.00419e+08   7.5918e+08   0   0
1.215   8.54287e+06   2.82162e+07   2.9281e+08   7.39076e+08   0   0
1.225   8.54809e+06   2.7746e+07   2.85737e+08   7.18184e+08   0   0
1.235   8.58318e+06   2.73359e+07   2.79198e+08   6.96506e+08   0   0
1.245   8.64815e+06   2.69859e+07   2.73194e+08   6.74041e+08   0   0
1.255   8.73283e+06   2.66758e+07   2.67751e+08   6.51098e+08   0   0
1.265   8.77627e+06   2.62848e+07   2.63024e+08   6.29525e+08   0   0
1.275   8.76831e+06   2.57928e+07   2.59038e+08   6.09632e+08   0   0
1.285   8.70896e+06   2.51997e+07   2.55794e+08   5.91419e+08   0   0
1.295   8.59821e+06   2.45055e+07   2.5329e+08   5.74885e+08   0   0
1.305   8.44639e+06   2.37349e+07   2.51378e+08   5.59985e+08   0   0
1.315   8.31554e+06   2.30355e+07   2.49153e+08   5.46448e+08   0   0
1.325   8.21598e+06   2.24319e+07   2.46466e+08   5.3423e+08   0   0
1.335   8.14772e+06   2.19242e+07   2.43316e+08   5.23329e+08   0   0
1.345   8.11076e+06   2.15122e+07   2.39703e+08   5.13745e+08   0   0
1.355   8.09916e+06   2.11855e+07   2.35688e+08   5.05135e+08   0   0
1.365   8.0774e+06   2.08799e+07   2.31641e+08   4.95423e+08   0   0
1.375   8.03954e+06   2.05848e+07   2.27623e+08   4.84266e+08   0   0
1.385   7.98559e+06   2.03002e+07   2.23632e+08   4.71663e+08   0   0
1.395   7.91555e+06   2.00261e+07   2.19671e+08   4.57614e+08   0   0
1.405   7.83485e+06   1.97592e+07   2.15778e+08   4.42474e+08   0   0
1.415   7.77621e+06   1.94799e+07   2.12199e+08   4.28371e+08   0   0
1.425   7.74506e+06   1.9185e+07   2.08975e+08   4.15661e+08   0   0
1.435   7.74141e+06   1.88745e+07   2.06105e+08   4.04342e+08   0   0
1.445   7.76525e+06   1.85484e+07   2.03589e+08   3.94415e+08   0   0
1.455   7.81001e+06   1.82138e+07   2.01411e+08   3.85848e+08   0   0
1.465   7.83619e+06   1.79132e+07   1.99468e+08   3.78447e+08   0   0
1.475   7.83722e+06   1.76537e+07   1.97746e+08   3.72179e+08   0   0
1.485   7.81308e+06   1.74354e+07   1.96242e+08   3.67044e+08   0   0
1.495   7.76379e+06   1.72582e+07   1.94958e+08   3.63042e+08   0   0
1.505   7.69266e+06   1.71128e+07   1.93794e+08   3.59773e+08   0   0
1.515   7.61963e+06   1.69428e+07   1.9215e+08   3.54836e+08   0   0
1.525   7.54802e+06   1.67389e+07   1.89928e+08   3.4783e+08   0   0
1.535   7.47783e+06   1.6501e+07   1.87127e+08   3.38755e+08   0   0
1.545   7.40905e+06   1.62292e+07   1.83747e+08   3.27612e+08   0   0
1.555   7.34361e+06   1.59332e+07   1.79864e+08   3.1496e+08   0   0
1.565   7.29294e+06   1.56714e+07   1.7594e+08   3.04167e+08   0   0
1.575   7.25895e+06   1.54536e+07   1.7205e+08   2.95794e+08   0   0
1.585   7.24165e+06   1.52796e+07   1.68194e+08   2.8984e+08   0   0
1.595   7.24103e+06   1.51496e+07   1.64373e+08   2.86305e+08   0   0
1.605   7.25336e+06   1.5055e+07   1.60652e+08   2.84779e+08   0   0
1.615   7.25618e+06   1.49445e+07   1.57431e+08   2.82797e+08   0   0
1.625   7.24575e+06   1.48096e+07   1.54777e+08   2.79948e+08   0   0
1.635   7.22207e+06   1.46503e+07   1.52689e+08   2.76233e+08   0   0
1.645   7.18514e+06   1.44666e+07   1.51167e+08   2.71651e+08   0   0
1.655   7.13609e+06   1.42651e+07   1.50118e+08   2.66354e+08   0   0
1.665   7.08173e+06   1.40855e+07   1.48985e+08   2.61253e+08   0   0
1.675   7.02319e+06   1.39345e+07   1.47676e+08   2.56498e+08   0   0
1.685   6.96046e+06   1.38121e+07   1.4619e+08   2.52091e+08   0   0
1.695   6.89356e+06   1.37182e+07   1.44527e+08   2.4803e+08   0   0
1.705   6.82582e+06   1.36496e+07   1.42774e+08   2.44306e+08   0   0
1.715   6.77735e+06   1.35872e+07   1.41458e+08   2.40849e+08   0   0
1.725   6.75149e+06   1.35276e+07   1.40666e+08   2.3765e+08   0   0
1.735   6.74825e+06   1.34708e+07   1.40398e+08   2.34708e+08   0   0
1.745   6.76763e+06   1.3417e+07   1.40654e+08   2.32023e+08   0   0
1.755   6.80368e+06   1.33602e+07   1.41259e+08   2.29567e+08   0   0
1.765   6.82068e+06   1.32655e+07   1.41169e+08   2.27171e+08   0   0
1.775   6.81269e+06   1.31271e+07   1.40209e+08   2.24807e+08   0   0
1.785   6.77971e+06   1.2945e+07   1.38379e+08   2.22474e+08   0   0
1.795   6.72173e+06   1.27193e+07   1.3568e+08   2.20173e+08   0   0
1.805   6.64456e+06   1.24619e+07   1.32368e+08   2.17832e+08   0   0
1.815   6.58292e+06   1.22456e+07   1.29993e+08   2.15022e+08   0   0
1.825   6.54261e+06   1.20822e+07   1.28811e+08   2.11672e+08   0   0
1.835   6.52363e+06   1.19719e+07   1.28823e+08   2.0778e+08   0   0
1.845   6.52598e+06   1.19147e+07   1.30028e+08   2.03348e+08   0   0
1.855   6.54489e+06   1.19018e+07   1.32103e+08   1.98506e+08   0   0
1.865   6.55179e+06   1.18816e+07   1.33099e+08   1.94044e+08   0   0
1.875   6.54189e+06   1.18455e+07   1.32692e+08   1.90093e+08   0   0
1.885   6.5152e+06   1.17933e+07   1.30881e+08   1.86652e+08   0   0
1.895   6.47173e+06   1.17252e+07   1.27668e+08   1.83722e+08   0   0
1.905   6.41565e+06   1.16436e+07   1.23344e+08   1.81256e+08   0   0
1.915   6.37208e+06   1.15634e+07   1.19673e+08   1.78971e+08   0   0
1.925   6.3452e+06   1.1487e+07   1.16949e+08   1.76822e+08   0   0
1.935   6.33501e+06   1.14146e+07   1.15171e+08   1.74807e+08   0   0
1.945   6.34152e+06   1.1346e+07   1.14339e+08   1.72928e+08   0   0
1.955   6.35942e+06   1.12803e+07   1.14336e+08   1.71154e+08   0   0
1.965   6.35692e+06   1.12119e+07   1.14451e+08   1.69312e+08   0   0
1.975   6.32874e+06   1.11396e+07   1.14565e+08   1.67372e+08   0   0
1.985   6.27486e+06   1.10635e+07   1.1468e+08   1.65334e+08   0   0
1.995   6.19529e+06   1.09836e+07   1.14794e+08   1.63198e+08   0   0
2.005   6.09625e+06   1.0901e+07   1.14857e+08   1.60922e+08   0   0
2.015   6.01505e+06   1.08223e+07   1.14561e+08   1.58243e+08   0   0
2.025   5.95792e+06   1.07487e+07   1.13855e+08   1.55118e+08   0   0
2.035   5.92486e+06   1.068e+07   1.12738e+08   1.51547e+08   0   0
2.045   5.91586e+06   1.06164e+07   1.11211e+08   1.47531e+08   0   0
2.055   5.92623e+06   1.05584e+07   1.09321e+08   1.4339e+08   0   0
2.065   5.92776e+06   1.05097e+07   1.0735e+08   1.41056e+08   0   0
2.075   5.91576e+06   1.04708e+07   1.05346e+08   1.40849e+08   0   0
2.085   5.89023e+06   1.04419e+07   1.03309e+08   1.42771e+08   0   0
2.095   5.85116e+06   1.04228e+07   1.01239e+08   1.4682e+08   0   0
2.105   5.8011e+06   1.0408e+07   9.92599e+07   1.52421e+08   0   0
2.115   5.75521e+06   1.03632e+07   9.81234e+07   1.56113e+08   0   0
2.125   5.71603e+06   1.02829e+07   9.79544e+07   1.5732e+08   0   0
2.135   5.68356e+06   1.0167e+07   9.87528e+07   1.56042e+08   0   0
2.145   5.6578e+06   1.00154e+07   1.00519e+08   1.52279e+08   0   0
2.155   5.63941e+06   9.83958e+06   1.02978e+08   1.46436e+08   0   0
2.165   5.63231e+06   9.70683e+06   1.04486e+08   1.40942e+08   0   0
2.175   5.63716e+06   9.62846e+06   1.04769e+08   1.36203e+08   0   0
2.185   5.65397e+06   9.60445e+06   1.03827e+08   1.32219e+08   0   0
2.195   5.68272e+06   9.6348e+06   1.0166e+08   1.2899e+08   0   0
2.205   5.71708e+06   9.70645e+06   9.85182e+07   1.26482e+08   0   0
2.215   5.71902e+06   9.741e+06   9.5907e+07   1.24493e+08   0   0
2.225   5.68221e+06   9.72538e+06   9.40769e+07   1.2299e+08   0   0
2.235   5.60663e+06   9.65958e+06   9.30277e+07   1.21972e+08   0   0
2.245   5.4923e+06   9.54361e+06   9.27596e+07   1.2144e+08   0   0
2.255   5.34973e+06   9.38724e+06   9.31729e+07   1.2134e+08   0   0
2.265   5.24205e+06   9.24904e+06   9.36696e+07   1.21358e+08   0   0
2.275   5.17979e+06   9.13878e+06   9.415e+07   1.21441e+08   0   0
2.285   5.16294e+06   9.05645e+06   9.46142e+07   1.21589e+08   0   0
2.295   5.19151e+06   9.00207e+06   9.50621e+07   1.21802e+08   0   0
2.305   5.25728e+06   8.97215e+06   9.54047e+07   1.22073e+08   0   0
2.315   5.31099e+06   8.94584e+06   9.5108e+07   1.22371e+08   0   0
2.325   5.34441e+06   8.91966e+06   9.40828e+07   1.2269e+08   0   0
2.335   5.35756e+06   8.89361e+06   9.23292e+07   1.2303e+08   0   0
2.345   5.35043e+06   8.86769e+06   8.98472e+07   1.2339e+08   0   0
2.355   5.32449e+06   8.84094e+06   8.68199e+07   1.2368e+08   0   0
2.365   5.28855e+06   8.80757e+06   8.43459e+07   1.23356e+08   0   0
2.375   5.24407e+06   8.76662e+06   8.26084e+07   1.22326e+08   0   0
2.385   5.19106e+06   8.71809e+06   8.16073e+07   1.20591e+08   0   0
2.395   5.12952e+06   8.66197e+06   8.13426e+07   1.1815e+08   0   0
2.405   5.06138e+06   8.59825e+06   8.16609e+07   1.15167e+08   0   0
2.415   4.99828e+06   8.52676e+06   8.16409e+07   1.12617e+08   0   0
2.425   4.94216e+06   8.44747e+06   8.11291e+07   1.10663e+08   0   0
2.435   4.89301e+06   8.36039e+06   8.01255e+07   1.09305e+08   0   0
2.445   4.85085e+06   8.26552e+06   7.86302e+07   1.08543e+08   0   0
2.455   4.81563e+06   8.16538e+06   7.68069e+07   1.08349e+08   0   0
2.465   4.78718e+06   8.07515e+06   7.56384e+07   1.08558e+08   0   0
2.475   4.76546e+06   7.99736e+06   7.52886e+07   1.09142e+08   0   0
2.485   4.75047e+06   7.932e+06   7.57575e+07   1.101e+08   0   0
2.495   4.74222e+06   7.87908e+06   7.70451e+07   1.11434e+08   0   0
2.505   4.73822e+06   7.83775e+06   7.89606e+07   1.12971e+08   0   0
2.515   4.72361e+06   7.80295e+06   8.03593e+07   1.13675e+08   0   0
2.525   4.69591e+06   7.77385e+06   8.10505e+07   1.13375e+08   0   0
2.535   4.65512e+06   7.75042e+06   8.10342e+07   1.1207e+08   0   0
2.545   4.60123e+06   7.73269e+06   8.03104e+07   1.0976e+08   0   0
2.555   4.53902e+06   7.71822e+06   7.89806e+07   1.06655e+08   0   0
2.565   4.49702e+06   7.69248e+06   7.76535e+07   1.04011e+08   0   0
2.575   4.48e+06   7.65304e+06   7.64306e+07   1.0204e+08   0   0
2.585   4.48795e+06   7.59991e+06   7.5312e+07   1.00739e+08   0   0
2.595   4.52088e+06   7.53308e+06   7.42977e+07   1.0011e+08   0   0
2.605   4.57127e+06   7.45586e+06   7.33871e+07   1.00062e+08   0   0
2.615   4.59396e+06   7.38805e+06   7.25779e+07   1.00056e+08   0   0
2.625   4.58144e+06   7.33295e+06   7.18695e+07   1.00002e+08   0   0
2.635   4.5337e+06   7.29055e+06   7.12619e+07   9.98994e+07   0   0
2.645   4.45075e+06   7.26086e+06   7.07552e+07   9.97483e+07   0   0
2.655   4.34046e+06   7.24055e+06   7.03044e+07   9.95186e+07   0   0
2.665   4.25009e+06   7.20965e+06   6.96396e+07   9.90292e+07   0   0
2.675   4.1875e+06   7.16483e+06   6.87158e+07   9.82499e+07   0   0
2.685   4.1527e+06   7.10609e+06   6.7533e+07   9.71807e+07   0   0
2.695   4.14568e+06   7.03342e+06   6.60911e+07   9.58215e+07   0   0
2.705   4.16242e+06   6.95214e+06   6.4467e+07   9.42702e+07   0   0
2.715   4.17873e+06   6.89407e+06   6.31203e+07   9.31138e+07   0   0
2.725   4.19057e+06   6.86453e+06   6.21279e+07   9.245e+07   0   0
2.735   4.19794e+06   6.86351e+06   6.14897e+07   9.22789e+07   0   0
2.745   4.20085e+06   6.89102e+06   6.12057e+07   9.26005e+07   0   0
2.755   4.19869e+06   6.93849e+06   6.12353e+07   9.32779e+07   0   0
2.765   4.18787e+06   6.95458e+06   6.13348e+07   9.34906e+07   0   0
2.775   4.16779e+06   6.93074e+06   6.14638e+07   9.31017e+07   0   0
2.785   4.13846e+06   6.86698e+06   6.16222e+07   9.21112e+07   0   0
2.795   4.09986e+06   6.76328e+06   6.18099e+07   9.05192e+07   0   0
2.805   4.05446e+06   6.62947e+06   6.19792e+07   8.85079e+07   0   0
2.815   4.01698e+06   6.52447e+06   6.18433e+07   8.71709e+07   0   0
2.825   3.98987e+06   6.45812e+06   6.13544e+07   8.66905e+07   0   0
2.835   3.97312e+06   6.4304e+06   6.05124e+07   8.70667e+07   0   0
2.845   3.96675e+06   6.44131e+06   5.93173e+07   8.82994e+07   0   0
2.855   3.96902e+06   6.4814e+06   5.78814e+07   9.01941e+07   0   0
2.865   3.96958e+06   6.49384e+06   5.6878e+07   9.15827e+07   0   0
2.875   3.9667e+06   6.46916e+06   5.64194e+07   9.22707e+07   0   0
2.885   3.96038e+06   6.40737e+06   5.65055e+07   9.22581e+07   0   0
2.895   3.95063e+06   6.30846e+06   5.71363e+07   9.15448e+07   0   0
2.905   3.93653e+06   6.18012e+06   5.81872e+07   9.02099e+07   0   0
2.915   3.91266e+06   6.06845e+06   5.89102e+07   8.87277e+07   0   0
2.925   3.87812e+06   5.98114e+06   5.91805e+07   8.71771e+07   0   0
2.935   3.83291e+06   5.91819e+06   5.89983e+07   8.55582e+07   0   0
2.945   3.77703e+06   5.8796e+06   5.83634e+07   8.3871e+07   0   0
2.955   3.71449e+06   5.86148e+06   5.73248e+07   8.2212e+07   0   0
2.965   3.6694e+06   5.84049e+06   5.61758e+07   8.11603e+07   0   0
2.975   3.64577e+06   5.81275e+06   5.49653e+07   8.08125e+07   0   0
2.985   3.6436e+06   5.77825e+06   5.36933e+07   8.11685e+07   0   0
2.995   3.66289e+06   5.73699e+06   5.23598e+07   8.22285e+07   0   0
3.005   3.6991e+06   5.69013e+06   5.10261e+07   8.38361e+07   0   0
3.015   3.72489e+06   5.64455e+06   5.00596e+07   8.50541e+07   0   0
3.025   3.73571e+06   5.6014e+06   4.95217e+07   8.57264e+07   0   0
3.035   3.73156e+06   5.56069e+06   4.94124e+07   8.58529e+07   0   0
3.045   3.71244e+06   5.5224e+06   4.97316e+07   8.54336e+07   0   0
3.055   3.68084e+06   5.48697e+06   5.03718e+07   8.45604e+07   0   0
3.065   3.65169e+06   5.45683e+06   5.06882e+07   8.37839e+07   0   0
3.075   3.62747e+06   5.43241e+06   5.05733e+07   8.3196e+07   0   0
3.085   3.60818e+06   5.4137e+06   5.00271e+07   8.27967e+07   0   0
3.095   3.59382e+06   5.4007e+06   4.90496e+07   8.25859e+07   0   0
3.105   3.58233e+06   5.39052e+06   4.77393e+07   8.25053e+07   0   0
3.115   3.56143e+06   5.36573e+06   4.6688e+07   8.22039e+07   0   0
3.125   3.52904e+06   5.32342e+06   4.59941e+07   8.16235e+07   0   0
3.135   3.48518e+06   5.26361e+06   4.56578e+07   8.0764e+07   0   0
3.145   3.42983e+06   5.18628e+06   4.5679e+07   7.96253e+07   0   0
3.155   3.36585e+06   5.09493e+06   4.59824e+07   7.82982e+07   0   0
3.165   3.3103e+06   5.01048e+06   4.61161e+07   7.73273e+07   0   0
3.175   3.26602e+06   4.93642e+06   4.60049e+07   7.68032e+07   0   0
3.185   3.23301e+06   4.87275e+06   4.56488e+07   7.67259e+07   0   0
3.195   3.21127e+06   4.81947e+06   4.50478e+07   7.70955e+07   0   0
3.205   3.19912e+06   4.77629e+06   4.42843e+07   7.78158e+07   0   0
3.215   3.18648e+06   4.74151e+06   4.38531e+07   7.83098e+07   0   0
3.225   3.17169e+06   4.71485e+06   4.38367e+07   7.84813e+07   0   0
3.235   3.15474e+06   4.69631e+06   4.4235e+07   7.83305e+07   0   0
3.245   3.13563e+06   4.68589e+06   4.50481e+07   7.78571e+07   0   0
3.255   3.11549e+06   4.68177e+06   4.61283e+07   7.71148e+07   0   0
3.265   3.1011e+06   4.6731e+06   4.65905e+07   7.64237e+07   0   0
3.275   3.09359e+06   4.65805e+06   4.62869e+07   7.58374e+07   0   0
3.285   3.09295e+06   4.63664e+06   4.52177e+07   7.53557e+07   0   0
3.295   3.09919e+06   4.60886e+06   4.33828e+07   7.49787e+07   0   0
3.305   3.10992e+06   4.57508e+06   4.09665e+07   7.46981e+07   0   0
3.315   3.11081e+06   4.53745e+06   3.90744e+07   7.4464e+07   0   0
3.325   3.09946e+06   4.49635e+06   3.78906e+07   7.42681e+07   0   0
3.335   3.07588e+06   4.45176e+06   3.74153e+07   7.41104e+07   0   0
3.345   3.04007e+06   4.4037e+06   3.76484e+07   7.39908e+07   0   0
3.355   2.99429e+06   4.35248e+06   3.84672e+07   7.39209e+07   0   0
3.365   2.95217e+06   4.30004e+06   3.91355e+07   7.39693e+07   0   0
3.375   2.91597e+06   4.24669e+06   3.95307e+07   7.41476e+07   0   0
3.385   2.8857e+06   4.19245e+06   3.96527e+07   7.44557e+07   0   0
3.395   2.86135e+06   4.1373e+06   3.95016e+07   7.48935e+07   0   0
3.405   2.84285e+06   4.08266e+06   3.91314e+07   7.54158e+07   0   0
3.415   2.82984e+06   4.03698e+06   3.88664e+07   7.57503e+07   0   0
3.425   2.82224e+06   4.00166e+06   3.87608e+07   7.58516e+07   0   0
3.435   2.82006e+06   3.97672e+06   3.88146e+07   7.57197e+07   0   0
3.445   2.82329e+06   3.96213e+06   3.90278e+07   7.53545e+07   0   0
3.455   2.83048e+06   3.9557e+06   3.9363e+07   7.48064e+07   0   0
3.465   2.83286e+06   3.94407e+06   3.95967e+07   7.43765e+07   0   0
3.475   2.82898e+06   3.92502e+06   3.96916e+07   7.4115e+07   0   0
3.485   2.81883e+06   3.89856e+06   3.96477e+07   7.4022e+07   0   0
3.495   2.80242e+06   3.86468e+06   3.9465e+07   7.40973e+07   0   0
3.505   2.78074e+06   3.82504e+06   3.91672e+07   7.42586e+07   0   0
3.515   2.75973e+06   3.78957e+06   3.88959e+07   7.4011e+07   0   0
3.525   2.74039e+06   3.75993e+06   3.86748e+07   7.32721e+07   0   0
3.535   2.72272e+06   3.73612e+06   3.85039e+07   7.20418e+07   0   0
3.545   2.70672e+06   3.71813e+06   3.83833e+07   7.03201e+07   0   0
3.555   2.69184e+06   3.70396e+06   3.82706e+07   6.8275e+07   0   0
3.565   2.67484e+06   3.68151e+06   3.79126e+07   6.6914e+07   0   0
3.575   2.65517e+06   3.64878e+06   3.72669e+07   6.6405e+07   0   0
3.585   2.63283e+06   3.60575e+06   3.63336e+07   6.6748e+07   0   0
3.595   2.60782e+06   3.55243e+06   3.51128e+07   6.7943e+07   0   0
3.605   2.58035e+06   3.49168e+06   3.36725e+07   6.97957e+07   0   0
3.615   2.55168e+06   3.44064e+06   3.24216e+07   7.11394e+07   0   0
3.625   2.52201e+06   3.40215e+06   3.14284e+07   7.17797e+07   0   0
3.635   2.49135e+06   3.37623e+06   3.06929e+07   7.17167e+07   0   0
3.645   2.4597e+06   3.36287e+06   3.0215e+07   7.09503e+07   0   0
3.655   2.429e+06   3.35924e+06   3.00154e+07   6.96095e+07   0   0
3.665   2.41092e+06   3.34836e+06   3.02186e+07   6.84676e+07   0   0
3.675   2.4074e+06   3.3274e+06   3.08452e+07   6.76534e+07   0   0
3.685   2.41844e+06   3.29635e+06   3.18952e+07   6.7167e+07   0   0
3.695   2.44404e+06   3.25522e+06   3.33686e+07   6.70084e+07   0   0
3.705   2.4802e+06   3.20661e+06   3.51123e+07   6.71349e+07   0   0
3.715   2.50281e+06   3.16613e+06   3.6207e+07   6.72901e+07   0   0
3.725   2.50788e+06   3.1364e+06   3.64995e+07   6.74314e+07   0   0
3.735   2.49539e+06   3.11742e+06   3.59899e+07   6.75588e+07   0   0
3.745   2.46536e+06   3.10917e+06   3.4678e+07   6.76723e+07   0   0
3.755   2.42097e+06   3.10878e+06   3.27388e+07   6.77535e+07   0   0
3.765   2.38142e+06   3.0989e+06   3.12212e+07   6.76927e+07   0   0
3.775   2.34992e+06   3.07663e+06   3.02999e+07   6.74717e+07   0   0
3.785   2.32647e+06   3.04199e+06   2.99751e+07   6.70904e+07   0   0
3.795   2.31105e+06   2.99497e+06   3.02466e+07   6.65488e+07   0   0
3.805   2.30207e+06   2.93844e+06   3.0989e+07   6.58915e+07   0   0
3.815   2.28987e+06   2.88967e+06   3.14491e+07   6.53864e+07   0   0
3.825   2.27284e+06   2.85154e+06   3.15014e+07   6.50781e+07   0   0
3.835   2.25098e+06   2.82404e+06   3.11458e+07   6.49665e+07   0   0
3.845   2.22429e+06   2.80718e+06   3.03825e+07   6.50517e+07   0   0
3.855   2.19439e+06   2.79885e+06   2.93226e+07   6.52927e+07   0   0
3.865   2.17096e+06   2.78646e+06   2.86344e+07   6.5444e+07   0   0
3.875   2.15561e+06   2.76789e+06   2.84291e+07   6.54645e+07   0   0
3.885   2.14836e+06   2.74315e+06   2.87067e+07   6.53543e+07   0   0
3.895   2.1492e+06   2.71225e+06   2.94672e+07   6.51134e+07   0   0
3.905   2.15608e+06   2.67606e+06   3.05991e+07   6.47801e+07   0   0
3.915   2.15674e+06   2.63995e+06   3.14329e+07   6.45843e+07   0   0
3.925   2.14912e+06   2.60479e+06   3.18571e+07   6.45642e+07   0   0
3.935   2.13323e+06   2.5706e+06   3.18716e+07   6.47199e+07   0   0
3.945   2.10908e+06   2.53737e+06   3.14766e+07   6.50513e+07   0   0
3.955   2.07832e+06   2.50521e+06   3.0714e+07   6.54885e+07   0   0
3.965   2.05105e+06   2.47472e+06   2.98373e+07   6.56117e+07   0   0
3.975   2.02894e+06   2.44602e+06   2.88885e+07   6.53509e+07   0   0
3.985   2.01198e+06   2.41909e+06   2.78676e+07   6.47062e+07   0   0
3.995   2.00019e+06   2.39395e+06   2.67746e+07   6.36775e+07   0   0
4.005   1.99384e+06   2.37156e+06   2.56944e+07   6.2366e+07   0   0
4.015   1.99467e+06   2.35771e+06   2.51355e+07   6.13794e+07   0   0
4.025   2.00297e+06   2.35337e+06   2.51826e+07   6.08189e+07   0   0
4.035   2.01875e+06   2.35853e+06   2.58358e+07   6.06845e+07   0   0
4.045   2.04199e+06   2.37321e+06   2.70951e+07   6.09763e+07   0   0
4.055   2.07063e+06   2.39536e+06   2.88059e+07   6.1616e+07   0   0
4.065   2.09222e+06   2.41277e+06   3.00409e+07   6.21353e+07   0   0
4.075   2.10468e+06   2.42338e+06   3.06457e+07   6.24561e+07   0   0
4.085   2.10801e+06   2.42721e+06   3.06203e+07   6.25784e+07   0   0
4.095   2.10221e+06   2.42425e+06   2.99646e+07   6.25021e+07   0   0
4.105   2.0871e+06   2.41326e+06   2.87883e+07   6.22365e+07   0   0
4.115   2.06154e+06   2.38679e+06   2.77494e+07   6.18367e+07   0   0
4.125   2.02534e+06   2.34358e+06   2.69578e+07   6.13119e+07   0   0
4.135   1.97851e+06   2.28365e+06   2.64133e+07   6.0662e+07   0   0
4.145   1.92105e+06   2.20698e+06   2.6116e+07   5.98872e+07   0   0
4.155   1.85667e+06   2.11876e+06   2.60297e+07   5.90433e+07   0   0
4.165   1.80775e+06   2.05006e+06   2.59374e+07   5.8467e+07   0   0
4.175   1.778e+06   2.00605e+06   2.5803e+07   5.82142e+07   0   0
4.185   1.76742e+06   1.98673e+06   2.56265e+07   5.8285e+07   0   0
4.195   1.77602e+06   1.99211e+06   2.54078e+07   5.86794e+07   0   0
4.205   1.80135e+06   2.01878e+06   2.5177e+07   5.93268e+07   0   0
4.215   1.82878e+06   2.04626e+06   2.51139e+07   5.98044e+07   0   0
4.225   1.85586e+06   2.07114e+06   2.52484e+07   6.00416e+07   0   0
4.235   1.88261e+06   2.09344e+06   2.55807e+07   6.00385e+07   0   0
4.245   1.90901e+06   2.11314e+06   2.61107e+07   5.9795e+07   0   0
4.255   1.93281e+06   2.12804e+06   2.67665e+07   5.93306e+07   0   0
4.265   1.94038e+06   2.12483e+06   2.71176e+07   5.87627e+07   0   0
4.275   1.92947e+06   2.10131e+06   2.70922e+07   5.81106e+07   0   0
4.285   1.90007e+06   2.05747e+06   2.66902e+07   5.73744e+07   0   0
4.295   1.85218e+06   1.99331e+06   2.59117e+07   5.65542e+07   0   0
4.305   1.78974e+06   1.91354e+06   2.48554e+07   5.5693e+07   0   0
4.315   1.73645e+06   1.84639e+06   2.41135e+07   5.50505e+07   0   0
4.325   1.69622e+06   1.79657e+06   2.37849e+07   5.46699e+07   0   0
4.335   1.66908e+06   1.76407e+06   2.38696e+07   5.45512e+07   0   0
4.345   1.65501e+06   1.7489e+06   2.43675e+07   5.46943e+07   0   0
4.355   1.65212e+06   1.74848e+06   2.51894e+07   5.50468e+07   0   0
4.365   1.649e+06   1.74738e+06   2.57999e+07   5.5294e+07   0   0
4.375   1.64376e+06   1.74301e+06   2.61098e+07   5.53832e+07   0   0
4.385   1.6364e+06   1.73538e+06   2.61191e+07   5.53146e+07   0   0
4.395   1.62691e+06   1.72449e+06   2.58278e+07   5.5088e+07   0   0
4.405   1.61612e+06   1.71092e+06   2.52702e+07   5.47168e+07   0   0
4.415   1.60899e+06   1.69809e+06   2.46529e+07   5.42798e+07   0   0
4.425   1.60633e+06   1.6866e+06   2.40102e+07   5.37903e+07   0   0
4.435   1.60816e+06   1.67642e+06   2.33422e+07   5.32482e+07   0   0
4.445   1.61446e+06   1.66757e+06   2.26488e+07   5.26536e+07   0   0
4.455   1.62358e+06   1.65963e+06   2.19607e+07   5.20175e+07   0   0
4.465   1.62551e+06   1.65015e+06   2.14616e+07   5.14066e+07   0   0
4.475   1.61858e+06   1.63871e+06   2.11822e+07   5.08321e+07   0   0
4.485   1.60279e+06   1.62532e+06   2.11224e+07   5.02939e+07   0   0
4.495   1.57815e+06   1.60997e+06   2.12823e+07   4.97921e+07   0   0
4.505   1.54654e+06   1.59318e+06   2.16059e+07   4.93361e+07   0   0
4.515   1.51936e+06   1.57805e+06   2.17578e+07   4.89829e+07   0   0
4.525   1.49849e+06   1.56509e+06   2.16819e+07   4.8742e+07   0   0
4.535   1.48394e+06   1.55432e+06   2.13784e+07   4.86134e+07   0   0
4.545   1.47571e+06   1.54572e+06   2.08472e+07   4.85972e+07   0   0
4.555   1.47271e+06   1.53807e+06   2.01483e+07   4.86811e+07   0   0
4.565   1.46845e+06   1.52408e+06   1.9641e+07   4.87932e+07   0   0
4.575   1.46185e+06   1.50251e+06   1.93855e+07   4.89214e+07   0   0
4.585   1.45291e+06   1.47336e+06   1.93815e+07   4.90656e+07   0   0
4.595   1.44162e+06   1.43665e+06   1.96293e+07   4.92259e+07   0   0
4.605   1.42923e+06   1.39522e+06   2.00633e+07   4.93695e+07   0   0
4.615   1.42306e+06   1.36627e+06   2.02913e+07   4.9299e+07   0   0
4.625   1.42435e+06   1.35264e+06   2.0248e+07   4.89817e+07   0   0
4.635   1.43309e+06   1.35436e+06   1.99334e+07   4.84175e+07   0   0
4.645   1.44929e+06   1.3714e+06   1.93474e+07   4.76064e+07   0   0
4.655   1.47022e+06   1.40003e+06   1.85826e+07   4.65993e+07   0   0
4.665   1.47956e+06   1.41774e+06   1.81942e+07   4.57009e+07   0   0
4.675   1.47458e+06   1.42078e+06   1.82746e+07   4.49621e+07   0   0
4.685   1.45528e+06   1.40916e+06   1.8824e+07   4.43827e+07   0   0
4.695   1.42167e+06   1.38287e+06   1.98422e+07   4.39629e+07   0   0
4.705   1.37671e+06   1.34423e+06   2.11975e+07   4.36841e+07   0   0
4.715   1.3382e+06   1.30721e+06   2.20989e+07   4.34359e+07   0   0
4.725   1.30912e+06   1.27413e+06   2.24145e+07   4.31998e+07   0   0
4.735   1.28945e+06   1.24498e+06   2.21443e+07   4.29758e+07   0   0
4.745   1.27921e+06   1.21978e+06   2.12884e+07   4.27639e+07   0   0
4.755   1.27701e+06   1.19848e+06   1.99715e+07   4.25543e+07   0   0
4.765   1.27455e+06   1.18093e+06   1.89425e+07   4.22881e+07   0   0
4.775   1.27045e+06   1.16708e+06   1.83262e+07   4.19554e+07   0   0
4.785   1.2647e+06   1.15695e+06   1.81227e+07   4.15562e+07   0   0
4.795   1.25732e+06   1.15053e+06   1.83319e+07   4.10906e+07   0   0
4.805   1.24829e+06   1.14754e+06   1.88812e+07   4.05766e+07   0   0
4.815   1.23767e+06   1.14631e+06   1.93358e+07   4.01231e+07   0   0
4.825   1.22548e+06   1.14655e+06   1.96229e+07   3.97482e+07   0   0
4.835   1.21169e+06   1.14827e+06   1.97426e+07   3.94518e+07   0   0
4.845   1.19633e+06   1.15146e+06   1.9695e+07   3.92341e+07   0   0
4.855   1.18077e+06   1.15569e+06   1.95052e+07   3.90935e+07   0   0
4.865   1.17338e+06   1.15831e+06   1.93245e+07   3.90213e+07   0   0
4.875   1.17555e+06   1.15888e+06   1.91782e+07   3.90161e+07   0   0
4.885   1.18728e+06   1.1574e+06   1.90663e+07   3.9078e+07   0   0
4.895   1.20857e+06   1.15388e+06   1.89888e+07   3.92068e+07   0   0
4.905   1.23609e+06   1.14817e+06   1.893e+07   3.93619e+07   0   0
4.915   1.24989e+06   1.13951e+06   1.87959e+07   3.9299e+07   0   0
4.925   1.24663e+06   1.12777e+06   1.85709e+07   3.89773e+07   0   0
4.935   1.22632e+06   1.11294e+06   1.8255e+07   3.83969e+07   0   0
4.945   1.18896e+06   1.09502e+06   1.78481e+07   3.75577e+07   0   0
4.955   1.13825e+06   1.07475e+06   1.73849e+07   3.65129e+07   0   0
4.965   1.09644e+06   1.05642e+06   1.70731e+07   3.55812e+07   0   0
4.975   1.06723e+06   1.04076e+06   1.69475e+07   3.48159e+07   0   0
4.985   1.05062e+06   1.02778e+06   1.70079e+07   3.4217e+07   0   0
4.995   1.04662e+06   1.01746e+06   1.72544e+07   3.37843e+07   0   0
5.005   1.05385e+06   1.00951e+06   1.76511e+07   3.35124e+07   0   0
5.015   1.06401e+06   1.00205e+06   1.79816e+07   3.33669e+07   0   0
5.025   1.07573e+06   994772   1.821e+07   3.33424e+07   0   0
5.035   1.089e+06   987679   1.83363e+07   3.34387e+07   0   0
5.045   1.10383e+06   980768   1.83605e+07   3.36559e+07   0   0
5.055   1.11911e+06   974259   1.8277e+07   3.39473e+07   0   0
5.065   1.12818e+06   969464   1.80525e+07   3.40333e+07   0   0
5.075   1.12993e+06   966602   1.76813e+07   3.38671e+07   0   0
5.085   1.12435e+06   965672   1.71636e+07   3.34489e+07   0   0
5.095   1.11146e+06   966675   1.64992e+07   3.27785e+07   0   0
5.105   1.09292e+06   969065   1.57637e+07   3.19221e+07   0   0
5.115   1.07881e+06   969569   1.54097e+07   3.12758e+07   0   0
5.125   1.07079e+06   967640   1.55128e+07   3.09056e+07   0   0
5.135   1.06887e+06   963279   1.60729e+07   3.08115e+07   0   0
5.145   1.07305e+06   956486   1.709e+07   3.09936e+07   0   0
5.155   1.081e+06   946905   1.84413e+07   3.13628e+07   0   0
5.165   1.07876e+06   932402   1.93889e+07   3.13848e+07   0   0
5.175   1.06399e+06   912622   1.981e+07   3.09707e+07   0   0
5.185   1.03671e+06   887563   1.97045e+07   3.01205e+07   0   0
5.195   996900   857228   1.90725e+07   2.88342e+07   0   0
5.205   948169   823787   1.80114e+07   2.72341e+07   0   0
5.215   912091   800278   1.7106e+07   2.60545e+07   0   0
5.225   892262   788874   1.6454e+07   2.54179e+07   0   0
5.235   888682   789573   1.60551e+07   2.53241e+07   0   0
5.245   901352   802377   1.59096e+07   2.57733e+07   0   0
5.255   927338   824602   1.5973e+07   2.66543e+07   0   0
5.265   949040   840155   1.59796e+07   2.73007e+07   0   0
5.275   963524   846353   1.5885e+07   2.76016e+07   0   0
5.285   970791   843196   1.56893e+07   2.75568e+07   0   0
5.295   970839   830684   1.53925e+07   2.71665e+07   0   0
5.305   964517   810384   1.50134e+07   2.64753e+07   0   0
5.315   956905   791700   1.46652e+07   2.57515e+07   0   0
5.325   948848   776200   1.43668e+07   2.50398e+07   0   0
5.335   940348   763883   1.4118e+07   2.43402e+07   0   0
5.345   931405   754750   1.39191e+07   2.36527e+07   0   0
5.355   922399   748908   1.37698e+07   2.29867e+07   0   0
5.365   915617   747002   1.36705e+07   2.23979e+07   0   0
5.375   911440   749138   1.3621e+07   2.18958e+07   0   0
5.385   909869   755316   1.36213e+07   2.14802e+07   0   0
5.395   910903   765538   1.36715e+07   2.11513e+07   0   0
5.405   913477   778220   1.37587e+07   2.09058e+07   0   0
5.415   911192   783872   1.38051e+07   2.07254e+07   0   0
5.425   902982   780912   1.3798e+07   2.06069e+07   0   0
5.435   888848   769339   1.37373e+07   2.05504e+07   0   0
5.445   868789   749154   1.3623e+07   2.05558e+07   0   0
5.455   844466   722401   1.34759e+07   2.06109e+07   0   0
5.465   825837   701349   1.34209e+07   2.06415e+07   0   0
5.475   814562   688043   1.34788e+07   2.06355e+07   0   0
5.485   810641   682483   1.36495e+07   2.05929e+07   0   0
5.495   814075   684669   1.39332e+07   2.05135e+07   0   0
5.505   822477   692189   1.42977e+07   2.0394e+07   0   0
5.515   821531   690578   1.4551e+07   2.02133e+07   0   0
5.525   808850   677425   1.46611e+07   1.99678e+07   0   0
5.535   784435   652730   1.46279e+07   1.96576e+07   0   0
5.545   748285   616492   1.44514e+07   1.92827e+07   0   0
5.555   704164   572420   1.41426e+07   1.88662e+07   0   0
5.565   674646   542753   1.37661e+07   1.85465e+07   0   0
5.575   663493   531199   1.3333e+07   1.83469e+07   0   0
5.585   670707   537757   1.28431e+07   1.82674e+07   0   0
5.595   696286   562429   1.22965e+07   1.83078e+07   0   0
5.605   735823   600905   1.174e+07   1.84373e+07   0   0
5.615   762867   627336   1.14541e+07   1.84702e+07   0   0
5.625   773009   637414   1.14857e+07   1.83755e+07   0   0
5.635   766249   631138   1.18348e+07   1.81532e+07   0   0
5.645   742588   608509   1.25013e+07   1.78033e+07   0   0
5.655   705373   572757   1.34002e+07   1.73565e+07   0   0
5.665   674685   543259   1.40204e+07   1.69966e+07   0   0
5.675   653872   523247   1.42769e+07   1.67542e+07   0   0
5.685   642934   512720   1.41697e+07   1.66292e+07   0   0
5.695   641871   511678   1.36986e+07   1.66218e+07   0   0
5.705   649331   518912   1.29347e+07   1.67019e+07   0   0
5.715   657200   527171   1.23027e+07   1.66897e+07   0   0
5.725   664128   535246   1.18736e+07   1.65552e+07   0   0
5.735   670113   543137   1.16473e+07   1.62984e+07   0   0
5.745   675157   550844   1.16238e+07   1.59193e+07   0   0
5.755   679428   557917   1.17932e+07   1.5448e+07   0   0
5.765   683945   561656   1.20961e+07   1.5064e+07   0   0
5.775   688879   561611   1.25224e+07   1.47974e+07   0   0
5.785   694228   557781   1.30723e+07   1.46482e+07   0   0
5.795   699994   550168   1.37456e+07   1.46164e+07   0   0
5.805   705544   539274   1.44864e+07   1.46791e+07   0   0
5.815   707095   528116   1.49586e+07   1.47e+07   0   0
5.825   704014   517198   1.5106e+07   1.46563e+07   0   0
5.835   696303   506519   1.49288e+07   1.45479e+07   0   0
5.845   683960   496080   1.44269e+07   1.43749e+07   0   0
5.855   667234   485779   1.36607e+07   1.41451e+07   0   0
5.865   647606   475013   1.29929e+07   1.39056e+07   0   0
5.875   625324   463680   1.24837e+07   1.36643e+07   0   0
5.885   600388   451780   1.21332e+07   1.34211e+07   0   0
5.895   572797   439313   1.19414e+07   1.3176e+07   0   0
5.905   545948   428022   1.18855e+07   1.29392e+07   0   0
5.915   540221   428362   1.18284e+07   1.27717e+07   0   0
5.925   559010   442075   1.17473e+07   1.26834e+07   0   0
5.935   602318   469161   1.16422e+07   1.26745e+07   0   0
5.945   670142   509620   1.1513e+07   1.27449e+07   0   0
5.955   754749   558788   1.1371e+07   1.2874e+07   0   0
5.965   809725   588680   1.12828e+07   1.29385e+07   0   0
5.975   827335   594631   1.12595e+07   1.29178e+07   0   0
5.985   807579   576642   1.13011e+07   1.28118e+07   0   0
5.995   750456   534713   1.14077e+07   1.26206e+07   0   0
6.005   663260   473907   1.15443e+07   1.23544e+07   0   0
6.015   589745   424600   1.1502e+07   1.20746e+07   0   0
6.025   537206   391856   1.12461e+07   1.17916e+07   0   0
6.035   505641   375676   1.07765e+07   1.15053e+07   0   0
6.045   495050   376058   1.00932e+07   1.12157e+07   0   0
6.055   503272   391030   9.27066e+06   1.09274e+07   0   0
6.065   517325   408753   8.75575e+06   1.0668e+07   0   0
6.075   535048   427253   8.62292e+06   1.0442e+07   0   0
6.085   556440   446529   8.87216e+06   1.02496e+07   0   0
6.095   581501   466583   9.50349e+06   1.00907e+07   0   0
6.105   607703   485993   1.04425e+07   9.97055e+06   0   0
6.115   619877   496228   1.12431e+07   9.92084e+06   0   0
6.125   615494   495866   1.18309e+07   9.94686e+06   0   0
6.135   594556   484908   1.22059e+07   1.00486e+07   0   0
6.145   557061   463354   1.23681e+07   1.02261e+07   0   0
6.155   507582   433258   1.23272e+07   1.0453e+07   0   0
6.165   473557   406941   1.21422e+07   1.05716e+07   0   0
6.175   459556   386458   1.18226e+07   1.05556e+07   0   0
6.185   465581   371808   1.13687e+07   1.04049e+07   0   0
6.195   491632   362992   1.07803e+07   1.01197e+07   0   0
6.205   533043   359263   1.0095e+07   9.72852e+06   0   0
6.215   561827   356148   9.53761e+06   9.40308e+06   0   0
6.225   573321   352901   9.14561e+06   9.17203e+06   0   0
6.235   567524   349521   8.91902e+06   9.03535e+06   0   0
6.245   544436   346009   8.85783e+06   8.99307e+06   0   0
6.255   507691   342603   8.94856e+06   9.02629e+06   0   0
6.265   479089   340734   9.11035e+06   9.02181e+06   0   0
6.275   462264   340642   9.32972e+06   8.96076e+06   0   0
6.285   457217   342324   9.60667e+06   8.84312e+06   0   0
6.295   463947   345783   9.9412e+06   8.66892e+06   0   0
6.305   479926   350590   1.02909e+07   8.45189e+06   0   0
6.315   489989   354179   1.04012e+07   8.27457e+06   0   0
6.325   491608   356123   1.02298e+07   8.15071e+06   0   0
6.335   484782   356421   9.77654e+06   8.08032e+06   0   0
6.345   469513   355075   9.04154e+06   8.06339e+06   0   0
6.355   448327   352609   8.10727e+06   8.08982e+06   0   0
6.365   436388   352184   7.46877e+06   8.09899e+06   0   0
6.375   436225   354325   7.20853e+06   8.08081e+06   0   0
6.385   447837   359032   7.32658e+06   8.03527e+06   0   0
6.395   471224   366306   7.82289e+06   7.96237e+06   0   0
6.405   502751   374574   8.60727e+06   7.87454e+06   0   0
6.415   520612   374404   9.13848e+06   7.84635e+06   0   0
6.425   521171   364224   9.32631e+06   7.89022e+06   0   0
6.435   504428   344033   9.17076e+06   8.00616e+06   0   0
6.445   470383   313832   8.67183e+06   8.19417e+06   0   0
6.455   423566   276409   7.90998e+06   8.42936e+06   0   0
6.465   391148   248493   7.36791e+06   8.56243e+06   0   0
6.475   377659   232871   7.12607e+06   8.5685e+06   0   0
6.485   383099   229544   7.18448e+06   8.44758e+06   0   0
6.495   407466   238512   7.54311e+06   8.19965e+06   0   0
6.505   446535   257731   8.14713e+06   7.85072e+06   0   0
6.515   474941   274937   8.66741e+06   7.55673e+06   0   0
6.525   488456   288086   9.0491e+06   7.34368e+06   0   0
6.535   487080   297179   9.2922e+06   7.21156e+06   0   0
6.545   470814   302216   9.3967e+06   7.16038e+06   0   0
6.555   443321   303724   9.37151e+06   7.17809e+06   0   0
6.565   426589   304876   9.27001e+06   7.19242e+06   0   0
6.575   424283   306200   9.1011e+06   7.19131e+06   0   0
6.585   436402   307696   8.86478e+06   7.17478e+06   0   0
6.595   462946   309364   8.56105e+06   7.14282e+06   0   0
6.605   499788   311157   8.20687e+06   7.09928e+06   0   0
6.615   522165   312800   7.90395e+06   7.06724e+06   0   0
6.625   525950   314246   7.66927e+06   7.05056e+06   0   0
6.635   511143   315495   7.50281e+06   7.04923e+06   0   0
6.645   477744   316546   7.40458e+06   7.06325e+06   0   0
6.655   430057   316940   7.37188e+06   7.08875e+06   0   0
6.665   393908   313906   7.38853e+06   7.10244e+06   0   0
6.675   373601   306985   7.45183e+06   7.10044e+06   0   0
6.685   369137   296175   7.56179e+06   7.08277e+06   0   0
6.695   380514   281477   7.71841e+06   7.04941e+06   0   0
6.705   404337   263963   7.90511e+06   6.99959e+06   0   0
6.715   420226   250062   8.02248e+06   6.92866e+06   0   0
6.725   424785   240847   8.05394e+06   6.83584e+06   0   0
6.735   418014   236317   7.99951e+06   6.72113e+06   0   0
6.745   399912   236472   7.85917e+06   6.58453e+06   0   0
6.755   372748   240632   7.6445e+06   6.42971e+06   0   0
6.765   350129   244708   7.42488e+06   6.27873e+06   0   0
6.775   334323   248020   7.21187e+06   6.13524e+06   0   0
6.785   325329   250568   7.00547e+06   5.99927e+06   0   0
6.795   323148   252351   6.80569e+06   5.87079e+06   0   0
6.805   327189   253635   6.62622e+06   5.76033e+06   0   0
6.815   333910   256010   6.54927e+06   5.73089e+06   0   0
6.825   342719   259742   6.58855e+06   5.79299e+06   0   0
6.835   353618   264831   6.74405e+06   5.94663e+06   0   0
6.845   366606   271277   7.01577e+06   6.19179e+06   0   0
6.855   379820   277636   7.37719e+06   6.49606e+06   0   0
6.865   382075   275243   7.6691e+06   6.6648e+06   0   0
6.875   371509   262654   7.86498e+06   6.66557e+06   0   0
6.885   348121   239869   7.96483e+06   6.49838e+06   0   0
6.895   311911   206889   7.96864e+06   6.16322e+06   0   0
6.905   266757   167217   7.88881e+06   5.69419e+06   0   0
6.915   235928   141881   7.79975e+06   5.2958e+06   0   0
6.925   223300   134385   7.71383e+06   5.00215e+06   0   0
6.935   228874   144729   7.63106e+06   4.81322e+06   0   0
6.945   252650   172914   7.55145e+06   4.72902e+06   0   0
6.955   290889   214844   7.4684e+06   4.74508e+06   0   0
6.965   321165   245945   7.34247e+06   4.83457e+06   0   0
6.975   339738   262124   7.16705e+06   4.99301e+06   0   0
6.985   346609   263379   6.94216e+06   5.2204e+06   0   0
6.995   341778   249711   6.66779e+06   5.51675e+06   0   0
7.005   326981   223669   6.37698e+06   5.85134e+06   0   0
7.015   312642   200551   6.26789e+06   6.03992e+06   0   0
7.025   300498   182908   6.37356e+06   6.05176e+06   0   0
7.035   290549   170739   6.69399e+06   5.88689e+06   0   0
7.045   282794   164044   7.22918e+06   5.54528e+06   0   0
7.055   277579   162601   7.91604e+06   5.06491e+06   0   0
7.065   276975   165075   8.37609e+06   4.6735e+06   0   0
7.075   281329   171243   8.54625e+06   4.40901e+06   0   0
7.085   290639   181106   8.42651e+06   4.27145e+06   0   0
7.095   304906   194664   8.01688e+06   4.2608e+06   0   0
7.105   322463   210543   7.38055e+06   4.3567e+06   0   0
7.115   333306   220498   6.89666e+06   4.43687e+06   0   0
7.125   335768   223157   6.6284e+06   4.48094e+06   0   0
7.135   329849   218519   6.57576e+06   4.48889e+06   0   0
7.145   315549   206584   6.73876e+06   4.46075e+06   0   0
7.155   294575   188798   7.06897e+06   4.40203e+06   0   0
7.165   277173   173839   7.27593e+06   4.34599e+06   0   0
7.175   265050   163151   7.31121e+06   4.29818e+06   0   0
7.185   258207   156736   7.17483e+06   4.25858e+06   0   0
7.195   256643   154594   6.86678e+06   4.2272e+06   0   0
7.205   260162   156748   6.42791e+06   4.20112e+06   0   0
7.215   267587   163347   6.10331e+06   4.16277e+06   0   0
7.225   278722   174416   5.93383e+06   4.10924e+06   0   0
7.235   293566   189955   5.91948e+06   4.04053e+06   0   0
7.245   312119   209964   6.06026e+06   3.95664e+06   0   0
7.255   332371   232550   6.32105e+06   3.86311e+06   0   0
7.265   342254   246350   6.49116e+06   3.79329e+06   0   0
7.275   339758   249472   6.53549e+06   3.75273e+06   0   0
7.285   324883   241916   6.45404e+06   3.74142e+06   0   0
7.295   297628   223682   6.2468e+06   3.75937e+06   0   0
7.305   261003   197096   5.94418e+06   3.80116e+06   0   0
7.315   233070   176114   5.72852e+06   3.8343e+06   0   0
7.325   216837   163064   5.63022e+06   3.85336e+06   0   0
7.335   212306   157945   5.64929e+06   3.85835e+06   0   0
7.345   219475   160757   5.78572e+06   3.84927e+06   0   0
7.355   236048   169926   6.00845e+06   3.82443e+06   0   0
7.365   248240   176013   6.13112e+06   3.77373e+06   0   0
7.375   253754   177444   6.12267e+06   3.6955e+06   0   0
7.385   252589   174218   5.9831e+06   3.58972e+06   0   0
7.395   244745   166336   5.7124e+06   3.45641e+06   0   0
7.405   231468   154723   5.35247e+06   3.30949e+06   0   0
7.415   220224   144928   5.15463e+06   3.23258e+06   0   0
7.425   212259   137875   5.16077e+06   3.23959e+06   0   0
7.435   207571   133564   5.37088e+06   3.33054e+06   0   0
7.445   206162   131997   5.78496e+06   3.50542e+06   0   0
7.455   208531   133083   6.34435e+06   3.74103e+06   0   0
7.465   217684   136294   6.69696e+06   3.89816e+06   0   0
7.475   234121   141540   6.78413e+06   3.9536e+06   0   0
7.485   257843   148823   6.60584e+06   3.90734e+06   0   0
7.495   288848   158142   6.16211e+06   3.7594e+06   0   0
7.505   324399   168958   5.51239e+06   3.53263e+06   0   0
7.515   348065   178040   5.01345e+06   3.36421e+06   0   0
7.525   357106   184849   4.72476e+06   3.27699e+06   0   0
7.535   351524   189384   4.64631e+06   3.27099e+06   0   0
7.545   331318   191647   4.77811e+06   3.34618e+06   0   0
7.555   299180   191632   5.08985e+06   3.48361e+06   0   0
7.565   271271   189320   5.39965e+06   3.56935e+06   0   0
7.575   250281   184705   5.67721e+06   3.58443e+06   0   0
7.585   236212   177790   5.92253e+06   3.52885e+06   0   0
7.595   229064   168572   6.1356e+06   3.40261e+06   0   0
7.605   228028   157646   6.30672e+06   3.21975e+06   0   0
7.615   228257   148573   6.37761e+06   3.06456e+06   0   0
7.625   228943   141945   6.33854e+06   2.95109e+06   0   0
7.635   230085   137763   6.18952e+06   2.87933e+06   0   0
7.645   231685   136028   5.93055e+06   2.84928e+06   0   0
7.655   233504   136527   5.58359e+06   2.85676e+06   0   0
7.665   234127   137998   5.28038e+06   2.87659e+06   0   0
7.675   233317   140230   5.04289e+06   2.9046e+06   0   0
7.685   231073   143222   4.87111e+06   2.94078e+06   0   0
7.695   227396   146976   4.76505e+06   2.98512e+06   0   0
7.705   222369   150743   4.72469e+06   3.03157e+06   0   0
7.715   216493   150036   4.75001e+06   3.04373e+06   0   0
7.725   209852   144107   4.84099e+06   3.01555e+06   0   0
7.735   202444   132958   4.99765e+06   2.94701e+06   0   0
7.745   194270   116587   5.21998e+06   2.83812e+06   0   0
7.755   185785   96746   5.48258e+06   2.70077e+06   0   0
7.765   179713   83943.7   5.63303e+06   2.60624e+06   0   0
7.775   176509   79931.6   5.64594e+06   2.56642e+06   0   0
7.785   176172   84709.6   5.5213e+06   2.58131e+06   0   0
7.795   178704   98277.7   5.25912e+06   2.65091e+06   0   0
7.805   183421   118464   4.88885e+06   2.76335e+06   0   0
7.815   186235   132237   4.58725e+06   2.84736e+06   0   0
7.825   186465   137426   4.38379e+06   2.89107e+06   0   0
7.835   184110   134030   4.27845e+06   2.89448e+06   0   0
7.845   179171   122049   4.27125e+06   2.8576e+06   0   0
7.855   172675   103543   4.35242e+06   2.78956e+06   0   0
7.865   170799   90874.5   4.46348e+06   2.74528e+06   0   0
7.875   174570   86103.2   4.59468e+06   2.73389e+06   0   0
7.885   183989   89229   4.74601e+06   2.7554e+06   0   0
7.895   199055   100252   4.91748e+06   2.80981e+06   0   0
7.905   217866   117385   5.10264e+06   2.88273e+06   0   0
7.915   229004   129901   5.26288e+06   2.88785e+06   0   0
7.925   230566   136014   5.39175e+06   2.81077e+06   0   0
7.935   222551   135723   5.48926e+06   2.65149e+06   0   0
7.945   204961   129028   5.5554e+06   2.41002e+06   0   0
7.955   180091   117030   5.5803e+06   2.11598e+06   0   0
7.965   161721   106339   5.50468e+06   1.94705e+06   0   0
7.975   152148   98056.6   5.31864e+06   1.93286e+06   0   0
7.985   151372   92181.9   5.02219e+06   2.07341e+06   0   0
7.995   159392   88715.1   4.61533e+06   2.36869e+06   0   0
8.005   174289   87530.3   4.13843e+06   2.77983e+06   0   0
8.015   184542   87871.1   3.83372e+06   3.07354e+06   0   0
8.025   188231   89611.5   3.74158e+06   3.21093e+06   0   0
8.035   185356   92751.5   3.86199e+06   3.19201e+06   0   0
8.045   175917   97291   4.19496e+06   3.01677e+06   0   0
8.055   161012   102522   4.68838e+06   2.71396e+06   0   0
8.065   147235   104199   5.02952e+06   2.45603e+06   0   0
8.075   135685   101612   5.16628e+06   2.27173e+06   0   0
8.085   126362   94763.1   5.09864e+06   2.16106e+06   0   0
8.095   119265   83651.2   4.82662e+06   2.12401e+06   0   0
8.105   114550   69595.7   4.40552e+06   2.14842e+06   0   0
8.115   113154   60511.6   4.16721e+06   2.16127e+06   0   0
8.125   115233   57718.3   4.167e+06   2.15039e+06   0   0
8.135   120786   61215.6   4.40488e+06   2.11578e+06   0   0
8.145   129814   71003.6   4.88087e+06   2.05744e+06   0   0
8.155   141197   85466.8   5.53138e+06   1.98443e+06   0   0
8.165   148215   94912.6   5.97501e+06   1.95112e+06   0   0
8.175   149750   97725.6   6.14816e+06   1.96658e+06   0   0
8.185   145800   93905.7   6.05086e+06   2.03079e+06   0   0
8.195   136366   83452.9   5.68309e+06   2.14377e+06   0   0
8.205   122906   68109.5   5.09362e+06   2.29085e+06   0   0
8.215   114171   58329.5   4.57505e+06   2.38403e+06   0   0
8.225   111617   55855   4.17613e+06   2.40864e+06   0   0
8.235   115246   60686.2   3.89687e+06   2.36469e+06   0   0
8.245   125057   72823   3.73726e+06   2.25217e+06   0   0
8.255   139735   90509   3.68789e+06   2.08514e+06   0   0
8.265   151385   103207   3.69219e+06   1.94788e+06   0   0
8.275   158691   109160   3.74075e+06   1.85445e+06   0   0
8.285   161653   108368   3.83357e+06   1.80484e+06   0   0
8.295   160272   100832   3.97063e+06   1.79905e+06   0   0
8.305   155180   87762.6   4.13965e+06   1.83122e+06   0   0
8.315   150171   76433.9   4.26679e+06   1.86608e+06   0   0
8.325   145878   68057.5   4.33973e+06   1.89778e+06   0   0
8.335   142302   62633.5   4.35849e+06   1.9263e+06   0   0
8.345   139442   60161.9   4.32306e+06   1.95165e+06   0   0
8.355   137241   60387.7   4.24224e+06   1.97397e+06   0   0
8.365   135362   61780.8   4.16882e+06   1.99408e+06   0   0
8.375   133746   64086.4   4.1116e+06   2.0121e+06   0   0
8.385   132395   67304.3   4.07057e+06   2.02805e+06   0   0
8.395   131308   71434.7   4.04575e+06   2.04191e+06   0   0
8.405   130548   76236.9   4.03432e+06   2.05146e+06   0   0
8.415   130499   80267.8   4.01949e+06   2.04328e+06   0   0
8.425   131223   83286.9   3.99845e+06   2.01512e+06   0   0
8.435   132721   85294.3   3.97122e+06   1.967e+06   0   0
8.445   134993   86289.8   3.93778e+06   1.89891e+06   0   0
8.455   138118   86581.6   3.8988e+06   1.81591e+06   0   0
8.465   142584   88018.6   3.85827e+06   1.74842e+06   0   0
8.475   148470   90908.9   3.81686e+06   1.70148e+06   0   0
8.485   155776   95252.4   3.77457e+06   1.67511e+06   0   0
8.495   164503   101049   3.73139e+06   1.66931e+06   0   0
8.505   173725   107598   3.68921e+06   1.67935e+06   0   0
8.515   177888   110689   3.65939e+06   1.67697e+06   0   0
8.525   176067   109621   3.64381e+06   1.65745e+06   0   0
8.535   168261   104393   3.64248e+06   1.6208e+06   0   0
8.545   154470   95006.8   3.65538e+06   1.56701e+06   0   0
8.555   136011   82325   3.67788e+06   1.50132e+06   0   0
8.565   120776   71531.2   3.68212e+06   1.45512e+06   0   0
8.575   110081   63489.3   3.66346e+06   1.43366e+06   0   0
8.585   103925   58199.3   3.62188e+06   1.43693e+06   0   0
8.595   102309   55661.3   3.5574e+06   1.46493e+06   0   0
8.605   104686   55480.9   3.47681e+06   1.51039e+06   0   0
8.615   107778   55292.5   3.42097e+06   1.52966e+06   0   0
8.625   111038   54701.9   3.39668e+06   1.51547e+06   0   0
8.635   114465   53709.1   3.40395e+06   1.46782e+06   0   0
8.645   118060   52314   3.44276e+06   1.38671e+06   0   0
8.655   121601   50716.3   3.50451e+06   1.2805e+06   0   0
8.665   123759   50113   3.53757e+06   1.19941e+06   0   0
8.675   124314   50703.7   3.53332e+06   1.1518e+06   0   0
8.685   123265   52488.4   3.49176e+06   1.13766e+06   0   0
8.695   120611   55467   3.4129e+06   1.15701e+06   0   0
8.705   116797   59487.4   3.30332e+06   1.20473e+06   0   0
8.715   114479   63635.9   3.20265e+06   1.25018e+06   0   0
8.725   114100   67760.1   3.11747e+06   1.28827e+06   0   0
8.735   115660   71860.1   3.0478e+06   1.31898e+06   0   0
8.745   119160   75935.9   2.99362e+06   1.34233e+06   0   0
8.755   123912   79522.4   2.9593e+06   1.35845e+06   0   0
8.765   125797   79829.3   2.97101e+06   1.36828e+06   0   0
8.775   124128   76391.5   3.03312e+06   1.37196e+06   0   0
8.785   118906   69208.9   3.14562e+06   1.3695e+06   0   0
8.795   110129   58281.7   3.30851e+06   1.36089e+06   0   0
8.805   98693.8   44792.4   3.50264e+06   1.34629e+06   0   0
8.815   89964   35837.7   3.61304e+06   1.32664e+06   0   0
8.825   84834.5   32600.1   3.62054e+06   1.30211e+06   0   0
8.835   83305.3   35079.7   3.52515e+06   1.27269e+06   0   0
8.845   85376.2   43276.4   3.32687e+06   1.23838e+06   0   0
8.855   90197.8   55763.1   3.05035e+06   1.20318e+06   0   0
8.865   92672.1   63976   2.84355e+06   1.19098e+06   0   0
8.875   91949.5   66487.7   2.73112e+06   1.2058e+06   0   0
8.885   88030.1   63298.3   2.71307e+06   1.24761e+06   0   0
8.895   80913.7   54407.8   2.7894e+06   1.31642e+06   0   0
8.905   71749.9   41209.9   2.94095e+06   1.40432e+06   0   0
8.915   67435.3   32066.5   3.05281e+06   1.46377e+06   0   0
8.925   69119.2   28371.3   3.10585e+06   1.48685e+06   0   0
8.935   76801.7   30124.2   3.10005e+06   1.47355e+06   0   0
8.945   90482.8   37325.4   3.03541e+06   1.42389e+06   0   0
8.955   108337   48646.5   2.92413e+06   1.34355e+06   0   0
8.965   119409   56118.1   2.83931e+06   1.26672e+06   0   0
8.975   121875   58412   2.79314e+06   1.19911e+06   0   0
8.985   115733   55528.1   2.78561e+06   1.14071e+06   0   0
8.995   100984   47466.6   2.81673e+06   1.09152e+06   0   0
9.005   79565.8   35475.8   2.8784e+06   1.05178e+06   0   0
9.015   63111   27046.8   2.92196e+06   1.02286e+06   0   0
9.025   53557.6   23428   2.93933e+06   1.00499e+06   0   0
9.035   50905.8   24619.5   2.9305e+06   998173   0   0
9.045   55155.5   30621.2   2.89546e+06   1.00241e+06   0   0
9.055   65297.7   40568.5   2.83884e+06   1.01573e+06   0   0
9.065   75279.4   49273.3   2.78828e+06   1.02623e+06   0   0
9.075   84091.7   55871   2.74839e+06   1.03194e+06   0   0
9.085   91734.6   60361.4   2.71918e+06   1.03285e+06   0   0
9.095   98208   62744.7   2.70064e+06   1.02897e+06   0   0
9.105   103139   63023.9   2.69353e+06   1.02132e+06   0   0
9.115   104291   61217.3   2.70233e+06   1.01602e+06   0   0
9.125   101292   57328.1   2.72781e+06   1.01407e+06   0   0
9.135   94141.1   51356.1   2.76995e+06   1.01549e+06   0   0
9.145   82838.5   43301.6   2.82877e+06   1.02027e+06   0   0
9.155   68665.7   33926.8   2.89793e+06   1.02631e+06   0   0
9.165   59312   27806.7   2.93957e+06   1.02096e+06   0   0
9.175   56059   25703.8   2.94736e+06   1.00213e+06   0   0
9.185   58906.7   27618   2.9213e+06   969796   0   0
9.195   67855   33549.5   2.8614e+06   923974   0   0
9.205   81802.6   42825.9   2.77403e+06   871473   0   0
9.215   94141   51414.4   2.69742e+06   853165   0   0
9.225   103769   58642.8   2.63796e+06   875863   0   0
9.235   110686   64511.1   2.59563e+06   939567   0   0
9.245   114892   69019.3   2.57045e+06   1.04428e+06   0   0
9.255   116300   71969.6   2.56622e+06   1.1773e+06   0   0
9.265   114380   72174.8   2.60591e+06   1.26248e+06   0   0
9.275   109044   69437   2.69332e+06   1.28714e+06   0   0
9.285   100292   63756.3   2.82847e+06   1.25126e+06   0   0
9.295   88124.5   55132.6   3.01135e+06   1.15485e+06   0   0
9.305   73828.4   44612.9   3.21921e+06   1.01186e+06   0   0
9.315   65129.6   38479.3   3.31559e+06   906040   0   0
9.325   63315.9   37778.9   3.27774e+06   851344   0   0
9.335   68387.1   42511.6   3.10567e+06   847771   0   0
9.345   80343.4   52677.4   2.79937e+06   895322   0   0
9.355   97354.8   66810.8   2.40012e+06   981721   0   0
9.365   108442   76118.9   2.15557e+06   1.03331e+06   0   0
9.375   111774   79136   2.10699e+06   1.03782e+06   0   0
9.385   107352   75862.2   2.25439e+06   995241   0   0
9.395   95174.9   66297.5   2.59776e+06   905580   0   0
9.405   77086.5   51801.4   3.08923e+06   780708   0   0
9.415   64143.3   40531.1   3.44153e+06   691863   0   0
9.425   58188.1   33846.2   3.6068e+06   650918   0   0
9.435   59221   31746.7   3.58502e+06   657872   0   0
9.445   67241.9   34232.5   3.37619e+06   712727   0   0
9.455   80494.9   40332.6   3.01391e+06   805286   0   0
9.465   88443.8   44220.8   2.69967e+06   874383   0   0
9.475   89332.6   44926   2.46705e+06   909821   0   0
9.485   83161.4   42448.3   2.31605e+06   911601   0   0
9.495   69930.1   36787.7   2.24668e+06   879723   0   0
9.505   51324.5   28650.7   2.24827e+06   819842   0   0
9.515   37459.2   22276.7   2.25692e+06   765887   0   0
9.525   30020.1   18372.4   2.26197e+06   723514   0   0
9.535   29007.1   16937.8   2.26342e+06   692722   0   0
9.545   34420.1   17972.9   2.26128e+06   673511   0   0
9.555   44844.7   20975.9   2.259e+06   665454   0   0
9.565   51792.5   22937.3   2.27739e+06   665983   0   0
9.575   53849.1   23355.3   2.31992e+06   674670   0   0
9.585   51014.3   22229.9   2.38659e+06   691516   0   0
9.595   43288.2   19561.2   2.47739e+06   716520   0   0
9.605   31860.4   15684.7   2.58537e+06   746739   0   0
9.615   23868.4   12613.4   2.66872e+06   764511   0   0
9.625   20501.8   10682.9   2.72046e+06   766891   0   0
9.635   21760.6   9893.21   2.74061e+06   753880   0   0
9.645   27644.8   10244.3   2.72915e+06   725478   0   0
9.655   37342.9   11717.4   2.69038e+06   685891   0   0
9.665   45985.5   14199.7   2.64998e+06   660360   0   0
9.675   52761.2   17672.6   2.61225e+06   653091   0   0
9.685   57669.8   22135.9   2.57717e+06   664084   0   0
9.695   60711.4   27589.7   2.54475e+06   693340   0   0
9.705   62021.9   33653.8   2.51306e+06   736590   0   0
9.715   62416.7   38046.8   2.47051e+06   768226   0   0
9.725   62031.7   40388.6   2.41518e+06   783979   0   0
9.735   60866.9   40679.2   2.34707e+06   783850   0   0
9.745   58922.4   38918.4   2.26617e+06   767838   0   0
9.755   56302.6   35448.1   2.17838e+06   738219   0   0
9.765   53635.1   32318   2.11902e+06   708648   0   0
9.775   51024.6   29869.7   2.09398e+06   681402   0   0
9.785   48471   28103.4   2.10327e+06   656479   0   0
9.795   45974.4   27018.9   2.14688e+06   633880   0   0
9.805   43515.7   26365.7   2.21796e+06   614534   0   0
9.815   40981.4   24640.1   2.27543e+06   604019   0   0
9.825   38352.4   21591.3   2.31245e+06   603264   0   0
9.835   35628.8   17219.4   2.32901e+06   612269   0   0
9.845   32810.6   11524.5   2.32511e+06   631033   0   0
9.855   30110.1   5001.07   2.3036e+06   657213   0   0
9.865   28801.9   617.033   2.28153e+06   676743   0   0
9.875   29098.3   0   2.26175e+06   687278   0   0
9.885   30999.4   0   2.24424e+06   688817   0   0
9.895   34505.2   3268.9   2.22901e+06   681362   0   0
9.905   39615.6   9420.86   2.21607e+06   664911   0   0
9.915   46330.6   18206.8   2.2054e+06   639466   0   0
9.925   54650.3   29626.8   2.19702e+06   605025   0   0
9.935   64574.7   43680.7   2.19092e+06   561590   0   0
9.945   76103.7   60368.7   2.1871e+06   509159   0   0
9.955   89237.3   79690.6   2.18557e+06   447734   0   0
9.965   103976   101647   2.18631e+06   377313   0   0
9.975   120319   126237   2.18934e+06   297898   0   0
9.985   138266   153460   2.19464e+06   209487   0   0
